1.5	0.200177
1.55	0.232474
1.6	0.264325
1.65	0.300743
1.7	0.336942
1.75	0.388821
1.8	0.438542
1.85	0.510976
1.9	0.571948
1.95	0.635659
2	0.725062
2.05	0.798158
2.1	0.900151
2.15	0.98504
2.2	1.04947
2.25	1.11814
2.3	1.18195
2.35	1.17916
2.4	1.1869
2.45	1.14674
2.5	1.10499
2.55	1.02951
2.6	0.978194
2.65	0.869947
2.7	0.810761
2.75	0.733507
2.8	0.673769
2.85	0.617484
2.9	0.574884
2.95	0.526399
3	0.493475
3.05	0.448789
3.1	0.417268
3.15	0.391377
3.2	0.371098
3.25	0.339572
3.3	0.324079
3.35	0.303467
3.4	0.287801
3.45	0.274671
3.5	0.265891
1.5	0.192358
1.55	0.224983
1.6	0.26183
1.65	0.293211
1.7	0.338733
1.75	0.377493
1.8	0.434483
1.85	0.502924
1.9	0.573758
1.95	0.634319
2	0.707688
2.05	0.820269
2.1	0.884519
2.15	0.965928
2.2	1.04893
2.25	1.12633
2.3	1.17729
2.35	1.18672
2.4	1.15991
2.45	1.14421
2.5	1.0916
2.55	1.03604
2.6	0.959713
2.65	0.877358
2.7	0.819557
2.75	0.736066
2.8	0.667
2.85	0.62447
2.9	0.565184
2.95	0.525029
3	0.482222
3.05	0.44781
3.1	0.419393
3.15	0.384997
3.2	0.360499
3.25	0.343177
3.3	0.321298
3.35	0.303218
3.4	0.291536
3.45	0.276266
3.5	0.264246
1.5	0.196207
1.55	0.222403
1.6	0.258675
1.65	0.297146
1.7	0.329968
1.75	0.385648
1.8	0.443142
1.85	0.485138
1.9	0.576097
1.95	0.622374
2	0.715256
2.05	0.811016
2.1	0.920579
2.15	0.96929
2.2	1.06897
2.25	1.13454
2.3	1.17836
2.35	1.18165
2.4	1.17579
2.45	1.16224
2.5	1.10281
2.55	1.02764
2.6	0.957991
2.65	0.896981
2.7	0.817528
2.75	0.735246
2.8	0.67888
2.85	0.627832
2.9	0.56277
2.95	0.52458
3	0.488986
3.05	0.447414
3.1	0.423645
3.15	0.388636
3.2	0.366456
3.25	0.344842
3.3	0.322026
3.35	0.306133
3.4	0.288592
3.45	0.274729
3.5	0.263703
1.5	0.195324
1.55	0.230278
1.6	0.261377
1.65	0.299441
1.7	0.340907
1.75	0.376613
1.8	0.430106
1.85	0.484207
1.9	0.557853
1.95	0.656935
2	0.707593
2.05	0.799628
2.1	0.872315
2.15	0.974978
2.2	1.06657
2.25	1.12648
2.3	1.15711
2.35	1.19004
2.4	1.17899
2.45	1.15009
2.5	1.109
2.55	1.03565
2.6	0.976966
2.65	0.887839
2.7	0.807062
2.75	0.734361
2.8	0.675093
2.85	0.626464
2.9	0.56728
2.95	0.525374
3	0.484917
3.05	0.448793
3.1	0.421938
3.15	0.390905
3.2	0.35949
3.25	0.34507
3.3	0.324743
3.35	0.300318
3.4	0.288132
3.45	0.278521
3.5	0.263319
1.5	0.192463
1.55	0.224633
1.6	0.262934
1.65	0.30305
1.7	0.341109
1.75	0.384379
1.8	0.434222
1.85	0.482965
1.9	0.572072
1.95	0.636074
2	0.720954
2.05	0.803898
2.1	0.865734
2.15	0.962568
2.2	1.05608
2.25	1.14218
2.3	1.16251
2.35	1.19059
2.4	1.18172
2.45	1.13365
2.5	1.09496
2.55	1.03362
2.6	0.953603
2.65	0.889768
2.7	0.795373
2.75	0.738548
2.8	0.678096
2.85	0.613957
2.9	0.565101
2.95	0.509581
3	0.477823
3.05	0.445463
3.1	0.417769
3.15	0.391707
3.2	0.372447
3.25	0.348023
3.3	0.32371
3.35	0.307347
3.4	0.286129
3.45	0.274262
3.5	0.259972
1.5	0.198909
1.55	0.233058
1.6	0.267335
1.65	0.300653
1.7	0.343851
1.75	0.392654
1.8	0.433436
1.85	0.504106
1.9	0.556774
1.95	0.651744
2	0.716778
2.05	0.793943
2.1	0.893603
2.15	0.958328
2.2	1.04684
2.25	1.1108
2.3	1.17373
2.35	1.18634
2.4	1.17289
2.45	1.15573
2.5	1.0909
2.55	1.05044
2.6	0.952945
2.65	0.885059
2.7	0.809966
2.75	0.740519
2.8	0.669835
2.85	0.618836
2.9	0.571421
2.95	0.521051
3	0.487306
3.05	0.446281
3.1	0.414728
3.15	0.391941
3.2	0.369567
3.25	0.342783
3.3	0.319005
3.35	0.303967
3.4	0.292047
3.45	0.271625
3.5	0.26338
1.5	0.199037
1.55	0.225505
1.6	0.261595
1.65	0.299012
1.7	0.340749
1.75	0.395185
1.8	0.45193
1.85	0.499911
1.9	0.570709
1.95	0.620373
2	0.697739
2.05	0.793863
2.1	0.893765
2.15	0.989582
2.2	1.04353
2.25	1.1282
2.3	1.17354
2.35	1.19016
2.4	1.16941
2.45	1.15499
2.5	1.09445
2.55	1.03325
2.6	0.976703
2.65	0.880274
2.7	0.809651
2.75	0.749263
2.8	0.682101
2.85	0.620651
2.9	0.569797
2.95	0.518227
3	0.480777
3.05	0.443722
3.1	0.414023
3.15	0.385268
3.2	0.365645
3.25	0.338993
3.3	0.324136
3.35	0.305359
3.4	0.291161
3.45	0.27835
3.5	0.263542
1.5	0.196103
1.55	0.231108
1.6	0.26379
1.65	0.30224
1.7	0.342995
1.75	0.386835
1.8	0.435347
1.85	0.50922
1.9	0.570559
1.95	0.630688
2	0.750077
2.05	0.795826
2.1	0.871117
2.15	0.983988
2.2	1.05251
2.25	1.11791
2.3	1.18635
2.35	1.18116
2.4	1.19586
2.45	1.1429
2.5	1.08992
2.55	1.03398
2.6	0.958619
2.65	0.884934
2.7	0.801103
2.75	0.748979
2.8	0.683594
2.85	0.626747
2.9	0.564432
2.95	0.515704
3	0.479224
3.05	0.45747
3.1	0.415501
3.15	0.39317
3.2	0.36712
3.25	0.34887
3.3	0.322186
3.35	0.304312
3.4	0.289741
3.45	0.277427
3.5	0.25867
1.5	0.198809
1.55	0.228663
1.6	0.26674
1.65	0.306438
