0.7	0.000750576
0.71	0.0015502
0.72	0.00141878
0.73	0.00138018
0.74	0.00176275
0.75	0.00204284
0.76	0.00206898
0.77	0.00263553
0.78	0.00326685
0.79	0.00353418
0.8	0.0038769
0.81	0.00378177
0.82	0.00409982
0.83	0.00533427
0.84	0.0053381
0.85	0.00643576
0.86	0.00715511
0.87	0.00909649
0.88	0.00937919
0.89	0.0104849
0.9	0.0127822
0.91	0.0127098
0.92	0.0141499
0.93	0.014389
0.94	0.0151064
0.95	0.015548
0.96	0.0162182
0.97	0.0188553
0.98	0.0199441
0.99	0.0202286
1	0.0215917
1.01	0.0240202
1.02	0.0252226
1.03	0.0271099
1.04	0.0300626
1.05	0.0319635
1.06	0.0326492
1.07	0.036066
1.08	0.0393568
1.09	0.039951
1.1	0.0400808
1.11	0.0445164
1.12	0.0458164
1.13	0.0466248
1.14	0.0503693
1.15	0.0503221
1.16	0.0548328
1.17	0.0570911
1.18	0.0600547
1.19	0.0627915
1.2	0.0637859
1.21	0.065937
1.22	0.0677728
1.23	0.0739907
1.24	0.075439
1.25	0.0818617
1.26	0.0876168
1.27	0.0918265
1.28	0.0971187
1.29	0.101571
1.3	0.103976
1.31	0.10884
1.32	0.115525
1.33	0.117471
1.34	0.123364
1.35	0.129182
1.36	0.131579
1.37	0.135429
1.38	0.137266
1.39	0.140922
1.4	0.145876
1.41	0.150412
1.42	0.153573
1.43	0.160421
1.44	0.163022
1.45	0.168997
1.46	0.174299
1.47	0.179114
1.48	0.186008
1.49	0.194081
1.5	0.201768
1.51	0.202164
1.52	0.21131
1.53	0.215431
1.54	0.22694
1.55	0.231137
1.56	0.234648
1.57	0.242077
1.58	0.251051
1.59	0.255189
1.6	0.257911
1.61	0.267575
1.62	0.271879
1.63	0.282848
1.64	0.289312
1.65	0.292804
1.66	0.297761
1.67	0.31042
1.68	0.319818
1.69	0.328893
1.7	0.334219
1.71	0.339717
1.72	0.346738
1.73	0.360227
1.74	0.373209
1.75	0.379253
1.76	0.382522
1.77	0.390973
1.78	0.400855
1.79	0.407187
1.8	0.416441
1.81	0.426483
1.82	0.428939
1.83	0.437154
1.84	0.445716
1.85	0.453858
1.86	0.460858
1.87	0.467341
1.88	0.482972
1.89	0.49211
1.9	0.509439
1.91	0.51128
1.92	0.532898
1.93	0.540494
1.94	0.555564
1.95	0.559583
1.96	0.562903
1.97	0.568205
1.98	0.581947
1.99	0.588683
2	0.599803
2.01	0.606918
2.02	0.618583
2.03	0.62049
2.04	0.631011
2.05	0.634377
2.06	0.647037
2.07	0.65379
2.08	0.661215
2.09	0.663455
2.1	0.672966
2.11	0.683492
2.12	0.69822
2.13	0.699431
2.14	0.706793
2.15	0.719524
2.16	0.720989
2.17	0.729648
2.18	0.734294
2.19	0.740138
2.2	0.754586
2.21	0.761102
2.22	0.759861
2.23	0.760917
2.24	0.763999
2.25	0.768169
2.26	0.76982
2.27	0.775992
2.28	0.792876
2.29	0.792644
2.3	0.79436
2.31	0.79626
2.32	0.798416
2.33	0.802567
2.34	0.801937
2.35	0.805292
2.36	0.811626
2.37	0.811468
2.38	0.813909
2.39	0.815801
2.4	0.819355
2.41	0.816803
2.42	0.819472
2.43	0.816571
2.44	0.810329
2.45	0.815855
2.46	0.817604
2.47	0.81191
2.48	0.816902
2.49	0.812004
2.5	0.811017
2.51	0.810618
2.52	0.809717
2.53	0.810281
2.54	0.805868
2.55	0.804731
2.56	0.805117
2.57	0.802511
2.58	0.796394
2.59	0.796819
2.6	0.795088
2.61	0.789682
2.62	0.785471
2.63	0.785153
2.64	0.783625
2.65	0.779306
2.66	0.774548
2.67	0.769
2.68	0.76762
2.69	0.76136
2.7	0.758481
2.71	0.758561
2.72	0.752268
2.73	0.746566
2.74	0.742373
2.75	0.733677
2.76	0.726759
2.77	0.717792
2.78	0.714671
2.79	0.709472
2.8	0.700943
2.81	0.696869
2.82	0.694482
2.83	0.689377
2.84	0.682893
2.85	0.678597
2.86	0.674965
2.87	0.669885
2.88	0.66639
2.89	0.661544
2.9	0.658192
2.91	0.651479
2.92	0.6469
2.93	0.639511
2.94	0.633222
2.95	0.62964
2.96	0.624451
2.97	0.622081
2.98	0.615228
2.99	0.609095
3	0.606155
3.01	0.59752
3.02	0.590659
3.03	0.586723
3.04	0.585411
3.05	0.580214
3.06	0.572607
3.07	0.568129
3.08	0.563266
3.09	0.560186
3.1	0.548049
3.11	0.547572
3.12	0.545702
3.13	0.539644
3.14	0.536657
3.15	0.527003
3.16	0.526687
3.17	0.524092
3.18	0.516521
3.19	0.51185
3.2	0.508212
3.21	0.501645
3.22	0.492448
3.23	0.487536
3.24	0.481742
3.25	0.475225
3.26	0.473463
3.27	0.467256
3.28	0.462568
3.29	0.458084
3.3	0.454275
3.31	0.449325
3.32	0.44417
3.33	0.44306
3.34	0.43966
3.35	0.435664
3.36	0.427974
3.37	0.425709
3.38	0.418759
3.39	0.417275
3.4	0.409844
3.41	0.407741
3.42	0.406339
3.43	0.401413
3.44	0.399077
3.45	0.3916
3.46	0.393566
3.47	0.390491
3.48	0.389934
3.49	0.382439
3.5	0.378441
3.51	0.373684
3.52	0.371778
3.53	0.36497
3.54	0.366171
3.55	0.360719
3.56	0.357128
3.57	0.353808
3.58	0.351079
3.59	0.347666
3.6	0.3401
3.61	0.337278
3.62	0.337365
3.63	0.334159
3.64	0.328178
3.65	0.32642
3.66	0.324259
3.67	0.321092
3.68	0.317497
3.69	0.319358
3.7	0.315175
3.71	0.309635
3.72	0.306096
3.73	0.30499
3.74	0.304946
3.75	0.298406
3.76	0.29525
3.77	0.293776
3.78	0.290471
3.79	0.288421
3.8	0.282703
3.81	0.282256
3.82	0.278663
3.83	0.276613
3.84	0.274757
3.85	0.270587
3.86	0.269812
3.87	0.267554
3.88	0.264657
3.89	0.263145
3.9	0.258848
3.91	0.259806
3.92	0.257246
3.93	0.256404
3.94	0.252613
3.95	0.250354
3.96	0.247032
3.97	0.242654
3.98	0.243358
3.99	0.243613
4	0.241778
0.7	0.00362651
0.71	0.00352507
0.72	0.00342783
0.73	0.00333456
0.74	0.00324505
0.75	0.00236958
0.76	0.00461373
0.77	0.00449467
0.78	0.00438016
0.79	0.00426997
0.8	0.00416389
0.81	0.00406171
0.82	0.00330308
0.83	0.00322396
0.84	0.00314766
0.85	0.00859868
0.86	0.0113935
0.87	0.0117177
0.88	0.0114529
0.89	0.00840242
0.9	0.0158609
0.91	0.0165805
0.92	0.0141352
0.93	0.0143435
0.94	0.0165379
0.95	0.0166804
0.96	0.0182482
0.97	0.0178739
0.98	0.0234675
0.99	0.0252362
1	0.0269274
1.01	0.0276857
1.02	0.0258817
1.03	0.0301379
1.04	0.0286462
1.05	0.0310876
1.06	0.0304016
1.07	0.0321243
1.08	0.0362889
1.09	0.040744
1.1	0.0437795
1.11	0.0429943
1.12	0.0460402
1.13	0.0470111
1.14	0.0462804
1.15	0.0510364
1.16	0.0487576
1.17	0.0573357
1.18	0.060136
1.19	0.0630938
1.2	0.0671053
1.21	0.0683739
1.22	0.0680698
1.23	0.0675827
1.24	0.0751175
1.25	0.0830007
1.26	0.0816268
1.27	0.0799167
1.28	0.0848898
1.29	0.0969055
1.3	0.0959632
1.31	0.0946884
1.32	0.10795
1.33	0.105228
1.34	0.110555
1.35	0.114579
1.36	0.117535
1.37	0.127632
1.38	0.117505
1.39	0.125469
1.4	0.130057
1.41	0.129063
1.42	0.136692
1.43	0.13427
1.44	0.146539
1.45	0.157601
1.46	0.169505
1.47	0.165835
1.48	0.164927
1.49	0.185737
1.5	0.189353
1.51	0.193498
1.52	0.210691
1.53	0.211321
1.54	0.229993
1.55	0.225072
1.56	0.241131
1.57	0.243864
1.58	0.235586
1.59	0.239195
1.6	0.248794
1.61	0.256656
1.62	0.264184
1.63	0.27567
1.64	0.266127
1.65	0.270193
1.66	0.28416
1.67	0.309089
1.68	0.301766
1.69	0.317112
1.7	0.324867
1.71	0.333792
1.72	0.332621
1.73	0.362209
1.74	0.352033
1.75	0.361144
1.76	0.371287
1.77	0.370113
1.78	0.383858
1.79	0.390743
1.8	0.394873
1.81	0.401421
1.82	0.419103
1.83	0.424128
1.84	0.443302
1.85	0.455066
1.86	0.457468
1.87	0.453329
1.88	0.481222
1.89	0.485073
1.9	0.475657
1.91	0.495622
1.92	0.517133
1.93	0.508349
1.94	0.523508
1.95	0.534293
1.96	0.566881
1.97	0.570518
1.98	0.602011
1.99	0.608649
2	0.634553
2.01	0.609023
2.02	0.624351
2.03	0.62796
2.04	0.622006
2.05	0.641735
2.06	0.64461
2.07	0.657241
2.08	0.641493
2.09	0.670331
2.1	0.675611
2.11	0.691288
2.12	0.696812
2.13	0.705484
2.14	0.7018
2.15	0.707751
2.16	0.690332
2.17	0.712823
2.18	0.729686
2.19	0.753805
2.2	0.749031
2.21	0.750223
2.22	0.741355
2.23	0.76492
2.24	0.755543
2.25	0.777173
2.26	0.765894
2.27	0.771399
2.28	0.762375
2.29	0.775304
2.3	0.781944
2.31	0.768958
2.32	0.775901
2.33	0.803352
2.34	0.787906
2.35	0.784565
2.36	0.786951
2.37	0.773656
2.38	0.756976
2.39	0.768263
2.4	0.782944
2.41	0.778172
2.42	0.785843
2.43	0.776887
2.44	0.798028
2.45	0.791688
2.46	0.790739
2.47	0.796567
2.48	0.80861
2.49	0.801303
2.5	0.805591
2.51	0.808805
2.52	0.795751
2.53	0.794402
2.54	0.816798
2.55	0.804161
2.56	0.792181
2.57	0.803502
2.58	0.813484
2.59	0.811059
2.6	0.812902
2.61	0.813503
2.62	0.791153
2.63	0.793154
2.64	0.788902
2.65	0.775111
2.66	0.776706
2.67	0.775246
2.68	0.76503
2.69	0.770346
2.7	0.753757
2.71	0.754988
2.72	0.7471
2.73	0.746941
2.74	0.735058
2.75	0.75803
2.76	0.743068
2.77	0.718134
2.78	0.718976
2.79	0.713595
2.8	0.72208
2.81	0.714056
2.82	0.707528
2.83	0.704473
2.84	0.686493
2.85	0.670604
2.86	0.67039
2.87	0.672594
2.88	0.654957
2.89	0.660113
2.9	0.667332
2.91	0.660644
2.92	0.660758
2.93	0.644196
2.94	0.628275
2.95	0.627668
2.96	0.643693
2.97	0.621098
2.98	0.60933
2.99	0.61192
3	0.595332
3.01	0.590802
3.02	0.579003
3.03	0.576316
3.04	0.577963
3.05	0.566698
3.06	0.567835
3.07	0.567555
3.08	0.56582
3.09	0.557318
3.1	0.546466
3.11	0.547065
3.12	0.546487
3.13	0.541322
3.14	0.531578
3.15	0.531737
3.16	0.532626
3.17	0.534081
3.18	0.524742
3.19	0.506258
3.2	0.499867
3.21	0.503232
3.22	0.489209
3.23	0.512604
3.24	0.478134
3.25	0.4858
3.26	0.477978
3.27	0.470468
3.28	0.453181
3.29	0.46094
3.3	0.453888
3.31	0.439829
3.32	0.427727
3.33	0.427751
3.34	0.430431
3.35	0.432205
3.36	0.430331
3.37	0.421175
3.38	0.434105
3.39	0.410901
3.4	0.393656
3.41	0.400956
3.42	0.398761
3.43	0.394662
3.44	0.38302
3.45	0.367929
3.46	0.372428
3.47	0.375003
3.48	0.376745
3.49	0.369959
3.5	0.373066
3.51	0.367265
3.52	0.377106
3.53	0.371368
3.54	0.363444
3.55	0.36051
3.56	0.33989
3.57	0.354367
3.58	0.351366
3.59	0.351546
3.6	0.340486
3.61	0.324993
3.62	0.336821
3.63	0.328273
3.64	0.322952
3.65	0.317296
3.66	0.320528
3.67	0.319042
3.68	0.307489
3.69	0.317833
3.7	0.305438
3.71	0.303171
3.72	0.309024
3.73	0.295542
3.74	0.295231
3.75	0.298188
3.76	0.302119
3.77	0.290847
3.78	0.293354
3.79	0.298321
3.8	0.287584
3.81	0.283062
3.82	0.274515
3.83	0.275763
3.84	0.28118
3.85	0.277839
3.86	0.269098
3.87	0.262807
3.88	0.263095
3.89	0.265377
3.9	0.25752
3.91	0.251161
3.92	0.259888
3.93	0.244582
3.94	0.249908
3.95	0.245995
3.96	0.245171
3.97	0.247048
3.98	0.241266
3.99	0.24131
4	0.233935
